1644063738750 1.4416909007461012 0
1644096141949 0.7718201220323875 1
1644124914256 0.7016530505904717 2
1644151478116 0.6737302837706591 3
1644175450380 0.6583499688909854 4
1644198557440 0.6482362762364332 5
1644221902205 0.6409779571180858 6
1644249477345 0.6357022729932538 7
1644280719735 0.6317193288462726 8
1644304207766 0.6283382443313988 9
1644332159323 0.6254680237515734 10
1644409131108 0.6229864482276345 11
1644443942573 0.6206330718250271 12
1644516756248 0.6186752403619352 13
1644597039450 0.6168407250867356 14
