1643981214158 3.489281239810684 0
1643981670790 2.9414925453007994 1
1643982132233 2.8502229676369453 2
1643982549292 2.804801750547793 3
1643982993098 2.7770028277773813 4
1643983427740 2.756678050754117 5
1643983789240 2.742097094118525 6
1643984140439 2.7306365382953444 7
1643984518121 2.720814778596252 8
1643984919710 2.713286427426672 9
1643985265386 2.7062653220265593 10
1643985670407 2.7000006622045643 11
1643986077646 2.6941111059216274 12
1643986511872 2.68892595467497 13
1643986931108 2.684681627457088 14
1643987344037 2.6816346793381087 15
1643987777640 2.67771109320912 16
1643988229543 2.6744583363657077 17
1643988698510 2.672714742462157 18
1643989122719 2.6694906293496476 19
1643989562273 2.6682861435349463 20
1643990040281 2.665911602020139 21
1643990523526 2.663381413304427 22
1643991044473 2.6631153036151964 23
1643991595358 2.660307066813686 24
1643992116957 2.658408623549623 25
1643992664993 2.6560196013867676 26
1643993177492 2.6557444095611573 27
1643993639091 2.6538252921147447 28
1643994078913 2.652860092848699 29
1643994513671 2.6503501520762804 30
1643994967140 2.6492940366587647 31
1643995422367 2.6494591439217583 32
1643995838302 2.6474675507245617 33
1643996244609 2.6471412941308907 34
1643996657506 2.6450336187738954 35
1643997067050 2.645058648619625 36
1643997530345 2.6440433041599625 37
1643998032971 2.6431452392175907 38
1643998537393 2.6430195392947025 39
1643999049463 2.6416163872824665 40
1643999517055 2.640397562122233 41
